РЕЗУЛЬТАТЫ ЭКСПЕРИМЕНТОВ

20000
int
1.310928
1.336821
0.962537
0.798366
1.101931
0.001638
0.003303
0.000881
0.001178
0.265762
0.281223
0.296317
0.364217
double
2.146628
2.033015
1.141692
1.220264
1.678399
0.005251
0.003389
0.012327
0.006853
0.005831
1.031901
1.284539
2.044650

30000
int
3.300238
3.207371
1.872168
1.928045
2.478958
0.002000
0.001131
0.001592
0.000995
0.570692
0.667188
0.698126
0.913967
double
5.141812
4.543014
2.690367
3.225075
6.569742
0.006008
0.003510
0.003592
0.005378
0.009095
2.813924
3.591042
4.663307

50000
int
8.961902
8.420201
4.588214
4.931842
6.848577
0.004310
0.002103
0.002469
0.005795
1.543234
1.620410
1.996502
2.323017
double
13.210949
12.709481
7.351454
7.439115
9.922175
0.012003
0.007298
0.008018
0.013686
0.016591
7.323102
9.827050
14.002458
